..XOX...O:0,0,0,0,0,1,25,0,0,
OXO.OX.X.:0,0,0,31,0,0,1,0,1,
O.OXO.X.X:0,10,0,0,0,1,0,1,0,
.X.OXXOO.:1,0,1,0,0,0,0,0,1,
OXXOXO...:0,0,0,0,0,0,1,1,1,
..X.XO..O:0,0,0,0,0,0,37,0,0,
......O.X:16,53,3,0,1,116,0,0,0,
OO..X...X:0,0,11,1,0,2,11,1,0,
OXOX.....:0,0,0,0,329,2,0,4,15,
X..O..OX.:0,2,1,0,2,1,0,0,2,
.X.X..O.O:2,0,2,0,5,2,0,2,0,
XO.OXXO..:0,0,1,0,0,0,0,1,1,
X.OXO..XO:0,1,0,0,0,1,1,0,0,
O..OXX.XO:0,1,1,0,0,0,1,0,0,
XOOOX.X..:0,0,0,0,0,0,0,0,1,
X.O..XO..:0,5,0,2,2,0,0,2,5,
X.....OXO:0,8,23,2,5,7,0,0,0,
O.X.X.OOX:0,0,0,37,0,1,0,0,0,
X....OOX.:0,2,1,2,2,0,0,0,2,
.O.X..OX.:2,0,2,0,2,2,0,0,2,
.XOOXX..O:0,0,0,0,0,0,0,1,0,
.X.X.OXOO:1,0,1,0,1,0,0,0,0,
OXX.OXO..:0,0,0,1,0,0,0,1,1,
XO...O..X:0,0,2,2,2,0,2,2,0,
XO.O....X:0,0,2,0,2,2,2,2,0,
XXO...XOO:0,0,0,1,1,4,0,0,0,
OX.....OX:0,0,2,2,2,2,2,0,0,
O...X.OX.:0,2,1,38,0,2,0,0,0,
XXO..OXO.:0,0,0,1,1,0,0,0,1,
O..X.XO..:0,1,1,0,23,0,0,0,0,
.OOX.XXO.:1,0,0,0,1,0,0,0,1,
.........:0,0,0,0,0,0,0,0,873,
.X.X.OO..:2,0,2,0,2,0,0,2,2,
.O.XX..O.:2,0,2,0,0,2,2,0,2,
..O.OX.X.:2,2,0,8,0,0,2,0,2,
O.X.O..X.:0,2,0,2,0,2,2,0,2,
X...XO.O.:0,2,1,2,0,0,1,0,2,
X.X.OO.OX:0,1,0,1,0,0,1,0,0,
XXO.O....:0,0,0,2,0,2,2,2,2,
X..OX..O.:0,2,2,0,0,1,2,0,2,
..X.OXO..:1,2,0,2,0,0,0,2,5,
.OX..O..X:2,0,0,2,2,0,2,2,0,
O.OX..X..:0,2,0,0,5,5,0,2,10,
.OXO....X:2,0,0,0,2,2,2,2,0,
OO.O.X.XX:0,0,1,0,1,0,1,0,0,
.XO.X.O..:2,0,0,2,0,1,0,1,1,
..X..OOX.:2,2,0,2,2,0,0,0,2,
..XO..OX.:2,2,0,0,2,2,0,0,2,
.X.X...OO:2,0,2,0,2,2,2,0,0,
.XXOO.XO.:1,0,0,0,0,1,0,0,1,
.O.XXO...:2,0,1,0,0,0,2,2,2,
.OXXOO..X:1,0,0,0,0,0,1,1,0,
XO..OXOX.:0,0,4,1,0,0,0,0,1,
..XOX.OOX:1,0,0,0,0,1,0,0,0,
..OXOOX.X:1,1,0,0,0,0,0,0,0,
O.XOO.XX.:0,1,0,0,0,1,0,0,1,
O.....XOX:0,2,2,2,2,4,0,0,0,
O..X.X.O.:0,0,5,0,2,0,1,0,2,
XO.XO....:0,0,2,0,0,2,2,2,2,
X..OX...O:0,2,5,0,0,2,5,1,0,
X.OX..OXO:0,7,0,0,1,1,0,0,0,
.X.XO...O:2,0,2,0,0,2,2,2,0,
O.O...X.X:0,14,0,2,1,1,0,2,0,
O.O.XXXO.:0,10,0,1,0,0,0,0,0,
.XO.XX.OO:1,0,0,1,0,0,7,0,0,
OXX.XO..O:0,0,0,1,0,0,0,0,0,
XO.....OX:0,0,1,2,2,2,2,0,0,
XX.OOX.O.:0,0,1,0,0,0,0,0,1,
.X.XOOX.O:1,0,1,0,0,0,0,1,0,
OXXOX...O:0,0,0,0,0,1,1,1,0,
OOXXO.X..:0,0,0,0,0,1,0,1,1,
.X.OO...X:2,0,2,0,0,2,2,2,0,
XOOX..O.X:0,0,0,0,1,1,0,0,0,
X...X.O.O:0,11,2,2,0,2,0,2,0,
X.OO.X...:0,2,0,0,2,0,2,2,2,
OXXO.O.X.:0,0,0,0,1,0,1,0,1,
.O.....X.:3,0,3,2,3,3,3,0,3,
..O.XO.X.:1,2,0,2,0,0,1,0,11,
.OOX.X...:2,0,0,0,2,0,2,1,2,
...XO.O.X:2,2,2,0,0,2,0,2,0,
...X.O.XO:2,2,2,0,2,0,2,0,0,
.O.XX.O..:1,0,1,0,0,1,0,2,1,
O..X.OXXO:0,1,1,0,1,0,0,0,0,
XXOOOX...:0,0,0,0,0,0,1,1,1,
.XXOO.X.O:1,0,0,0,0,4,0,1,0,
.OO.XXOX.:1,0,0,1,0,0,0,0,1,
O..O...XX:0,2,1,0,2,2,2,0,0,
...XOX..O:2,5,7,0,0,0,2,2,0,
.XX.OO.XO:1,0,0,1,0,0,1,0,0,
OXXO...XO:0,0,0,0,1,1,1,0,0,
.XO.OX.XO:13,0,0,91,0,0,34,0,0,
XO..XXOO.:0,0,1,1,0,0,0,0,1,
OO.....XX:0,0,2,2,1,2,2,0,0,
..OX...OX:2,2,0,0,2,2,2,0,0,
..O..OX.X:2,1,0,2,2,0,0,1,0,
.OX..XOXO:10,0,0,1,1,0,0,0,0,
..XOXO.OX:1,1,0,0,0,0,1,0,0,
XOOX.....:0,0,0,0,1,1,5,1,0,
O.X.XOO.X:0,4,0,7,0,0,0,1,0,
O..XOX.OX:0,1,1,0,0,0,1,0,0,
.O.OXOX.X:1,0,1,0,0,0,0,1,0,
XO....O.X:0,0,0,0,110,1,0,1,0,
OX.X.OXO.:0,0,1,0,1,0,0,0,1,
OXOO.X.X.:0,0,0,0,1,0,1,0,1,
.XO.X..O.:2,0,0,2,0,1,2,0,2,
..XO.XOXO:1,1,0,0,1,0,0,0,0,
OO...XX..:0,0,2,2,2,0,0,2,2,
XOX..O.XO:0,0,0,1,1,0,1,0,0,
X..OXO...:0,1,2,0,0,0,1,2,2,
OXOO..X.X:0,0,0,0,1,0,0,1,0,
OX.X..XOO:0,0,1,0,1,1,0,0,0,
X.O.OOX.X:0,0,0,1,0,0,0,1,0,
.OXOXX.O.:1,0,0,0,0,0,1,0,1,
XO..XO.XO:0,0,1,1,0,0,1,0,0,
OOXX...OX:0,0,0,0,1,1,1,0,0,
.X..O..OX:1,0,2,1,0,2,2,0,0,
.O.XX...O:2,0,1,0,0,2,2,1,0,
..X.X..OO:2,2,0,0,0,2,41,0,0,
.O.XOOXX.:1,0,1,0,0,0,0,0,1,
XO.O.OX.X:0,0,1,0,1,0,0,1,0,
XOX.O....:0,0,0,2,0,2,2,2,2,
.O..O.X.X:2,0,2,2,0,2,0,2,0,
XO.OX.XO.:0,0,1,0,0,1,0,0,1,
OX..OOX.X:0,0,1,1,0,0,0,1,0,
X.XOO....:0,2,0,0,0,2,2,2,2,
O..O.XX..:0,1,2,0,2,0,0,2,2,
O....OX.X:0,1,2,2,2,0,0,5,0,
XOXO..XO.:0,0,0,0,1,1,0,0,1,
.OO....XX:2,0,0,2,2,2,2,0,0,
XXO.OX.O.:0,0,0,1,0,0,4,0,1,
.O..X....:2,0,1,2,0,1,1,1,1,
..O.X....:0,0,0,0,0,120,0,0,1,
.OXX.XO.O:1,0,0,0,4,0,0,1,0,
.XX..OO..:5,0,0,2,2,0,0,2,2,
OX.X.OOX.:0,0,1,0,4,0,0,0,1,
.XOX..XOO:1,0,0,0,1,1,0,0,0,
X.OO.X.XO:0,1,0,0,1,0,1,0,0,
O.XO.XXO.:0,1,0,0,1,0,0,0,1,
XOOXX..O.:0,0,0,0,0,1,0,0,1,
.OX.X.OOX:1,0,0,0,0,1,0,0,0,
XX..XOO.O:0,0,4,1,0,0,0,1,0,
.O.X.O..X:2,0,2,0,2,0,2,2,0,
XX....O.O:0,0,5,2,2,0,0,20,0,
.X..O....:3,0,3,3,0,3,3,3,3,
.O.X.X.O.:2,0,2,0,2,0,2,0,2,
..OOOX.XX:1,1,0,0,0,0,1,0,0,
OX..OX.OX:0,0,1,1,0,0,1,0,0,
..X...XOO:2,1,0,0,2,0,0,0,0,
OX.XOX.O.:0,0,4,0,0,0,1,0,4,
.X.O.OX..:2,0,2,0,2,0,0,2,2,
.XO.XOO.X:0,0,0,1,0,0,0,1,0,
.XXOO..OX:1,0,0,0,0,1,1,0,0,
XX..O.OOX:0,0,1,1,0,1,0,0,0,
.XOOX.O.X:1,0,0,0,0,1,0,1,0,
.XXO...O.:2,0,0,0,2,2,2,0,2,
XOX.XOO..:0,0,0,1,0,0,0,1,4,
OXOX.O..X:0,0,0,0,1,0,1,1,0,
.XX..O.O.:2,0,0,2,2,0,2,0,2,
.X..OO.X.:2,0,2,2,0,0,2,0,2,
XO.O.X.OX:0,0,1,0,1,0,1,0,0,
.XOX.OXO.:1,0,0,0,1,0,0,0,1,
.XO.XO...:2,0,0,2,0,0,1,2,20,
..OX.XO..:1,1,0,0,5,0,0,2,2,
OXO...XOX:0,0,0,1,1,1,0,0,0,
..XOOX...:2,2,0,0,0,0,1,2,2,
O.O.XX.OX:0,4,0,19,0,0,1,0,0,
.OX.X...O:0,0,0,0,0,0,34,0,0,
OO..XXOX.:0,0,1,1,0,0,0,0,1,
OX.X..OXO:0,0,0,0,13,0,0,0,0,
O.XOXX.O.:0,1,0,0,0,0,4,0,1,
..X.OXOXO:73,1,0,1,0,0,0,0,0,
XXOO.OX..:0,0,0,0,1,0,0,1,1,
OX..XXO.O:0,0,1,1,0,0,0,1,0,
.OXXO....:2,0,0,0,0,2,2,2,2,
XOOX.X.O.:0,0,0,0,1,0,0,0,1,
.X..OOOXX:1,0,1,1,0,0,0,0,0,
XO.O.X...:0,0,2,0,2,0,2,2,2,
.OO.X..X.:2,0,0,5,0,4,1,0,8,
....OOXX.:2,2,2,2,0,0,0,0,2,
XX..OOX.O:0,0,1,1,0,0,0,1,0,
..XO.XXOO:1,1,0,0,1,0,0,0,0,
XOO.XX..O:0,0,0,1,0,0,0,0,0,
.O...XO.X:5,0,2,2,2,0,0,2,0,
OX.XO.O.X:0,0,130,0,0,1,0,4,0,
OOXO..XX.:0,0,0,0,1,0,0,0,1,
.X.O.OXOX:1,0,1,0,1,0,0,0,0,
.O.XXO.OX:1,0,1,0,0,0,1,0,0,
OOX..O.XX:0,0,0,1,1,0,1,0,0,
OX....OX.:0,0,0,29,68,1,0,0,0,
XO.OX....:0,0,2,0,0,2,2,2,2,
OOXX.XO..:0,0,0,0,0,0,0,0,1,
OX.XO....:0,0,2,0,0,2,2,2,2,
X.O...O.X:0,1,0,1,5,0,0,2,0,
.OO.XXXO.:1,0,0,1,0,0,0,0,1,
.OXX.O.XO:1,0,0,0,1,0,1,0,0,
..OOXXXO.:1,1,0,0,0,0,0,0,1,
O.OOXXX..:0,1,0,0,0,0,0,1,1,
.OX..XXOO:1,0,0,1,1,0,0,0,0,
.O.X.OXOX:1,0,1,0,1,0,0,0,0,
X...OX..O:0,2,5,5,0,0,11,2,0,
X.OOO.X.X:0,1,0,0,0,4,0,1,0,
..OXXOO.X:1,0,0,0,0,0,0,0,0,
.XOOXX.O.:1,0,0,0,0,0,1,0,1,
XOX.OO..X:0,0,0,1,0,0,1,1,0,
..OX.XOOX:1,1,0,0,1,0,0,0,0,
O.OX..XOX:0,1,0,0,1,1,0,0,0,
OO....X.X:0,0,5,2,2,2,0,2,0,
.O...X.OX:2,0,2,2,2,0,2,0,0,
XOOXX...O:0,0,0,0,0,13,1,0,0,
X.O..OXOX:0,0,0,1,1,0,0,0,0,
.O.OXXX.O:1,0,1,0,0,0,0,0,0,
...O..XXO:0,2,11,0,2,2,0,0,0,
.....OXXO:2,2,2,2,2,0,0,0,0,
..XO.....:3,3,0,0,3,3,3,3,3,
X.X.OO.XO:0,1,0,1,0,0,1,0,0,
..X..O...:2,3,0,2,2,0,3,3,3,
O..OOX.XX:0,1,1,0,0,0,1,0,0,
XX.X.OOO.:0,0,1,0,1,0,0,0,1,
X.OX..OOX:0,1,0,0,4,1,0,0,0,
..OX..OX.:2,2,0,0,2,2,0,0,2,
O.XXO.XO.:0,1,0,0,0,1,0,0,1,
X.......O:0,16,66,2,8,7,2,1,0,
XO.XX..OO:0,0,1,0,0,1,1,0,0,
.OO.OX.XX:1,0,0,1,0,0,1,0,0,
O.XX.XOO.:0,1,0,0,1,0,0,0,4,
X.O.XX.OO:0,0,0,1,0,0,25,0,0,
.O..OX.X.:2,0,2,2,0,0,2,0,2,
.OOOXX..X:1,0,0,0,0,0,1,1,0,
O.XX.O.XO:0,1,0,0,1,0,1,0,0,
..OXX...O:2,1,0,0,0,2,2,2,0,
X..O.OX..:0,2,2,0,2,0,0,2,2,
......OX.:245,1,3,2,26,2,0,0,2,
O.X.X.OXO:0,1,0,1,0,0,0,0,0,
O.....XXO:0,2,2,2,2,2,0,0,0,
OO.XOX..X:0,0,1,0,0,0,1,1,0,
O...X.X.O:0,0,1,2,0,0,0,2,0,
..O.XXOXO:0,0,0,1,0,0,0,0,0,
.OOXOX.X.:1,0,0,0,0,0,1,0,1,
X...OO..X:0,2,2,2,0,0,2,2,0,
OXO.O.X.X:0,0,0,1,0,1,0,1,0,
OXXOO...X:0,0,0,0,0,1,1,1,0,
OO.OXXX..:0,0,4,0,0,0,0,1,1,
.X.OOXXO.:1,0,1,0,0,0,0,0,1,
OO.OX..XX:0,0,1,0,0,1,1,0,0,
XXOOX..O.:0,0,0,0,0,1,0,0,1,
O.XXOXO..:0,1,0,0,0,0,0,0,25,
OOX...XXO:0,0,0,1,1,1,0,0,0,
.X.O.X.O.:2,0,2,0,2,0,2,0,2,
XOX.O.OX.:0,0,0,4,0,4,0,0,1,
X...O.O.X:0,2,2,2,0,2,0,2,0,
..X.O.O.X:1,0,0,1,0,5,0,1,0,
O...O.XX.:0,2,2,2,0,2,0,0,2,
X.XO.XOO.:0,1,0,0,1,0,0,0,1,
.XOO..XOX:1,0,0,0,1,1,0,0,0,
O.OXOX.X.:0,4,0,0,0,0,1,0,1,
..XX..O.O:2,2,0,0,2,2,0,2,0,
XOX.X.OO.:0,0,0,1,0,1,0,0,1,
OXO..XX.O:0,0,0,7,16,0,0,1,0,
..XO.X..O:2,1,0,0,5,0,2,2,0,
O.OOXX..X:0,1,0,0,0,0,1,1,0,
XXO...OXO:0,0,0,0,7,4,0,0,0,
.XXXO.OO.:1,0,0,0,0,1,0,0,1,
O..OXX.OX:0,1,1,0,0,0,1,0,0,
OX..O.OXX:0,0,25,1,0,4,0,0,0,
O..XX.O..:0,1,1,0,0,1,0,1,1,
XX.O.OO.X:0,0,1,0,1,0,0,1,0,
XO.O.X.XO:0,0,1,0,1,0,1,0,0,
O.X.XXO.O:0,0,0,1,0,0,0,4,0,
O..XXOX.O:0,1,1,0,0,0,0,1,0,
O.O.XX.XO:0,1,0,1,0,0,0,0,0,
OX...X..O:0,0,2,2,2,0,2,2,0,
.X....O..:238,0,4,0,8,0,0,2,17,
..XXOO.XO:1,1,0,0,0,0,1,0,0,
.....X.O.:3,3,3,3,3,0,3,0,3,
XOXXO.O..:0,0,0,0,0,1,0,1,1,
X..OOX.OX:0,1,1,0,0,0,1,0,0,
XOXO..X.O:0,0,0,0,1,1,0,0,0,
.OXOO.X.X:1,0,0,0,0,1,0,1,0,
.XX.OO.OX:1,0,0,1,0,0,1,0,0,
OO.XOXX..:0,0,1,0,0,0,0,1,1,
.XX.XO.OO:0,0,0,0,0,0,1,0,0,
O.X.OO.XX:0,1,0,1,0,0,1,0,0,
..X.O....:3,3,0,3,0,2,2,2,2,
XOO..OX.X:0,0,0,1,1,0,0,1,0,
O..X.OXOX:0,4,1,0,1,0,0,0,0,
XO....XO.:0,0,2,2,2,2,0,0,2,
XX.O.OX.O:0,0,1,0,1,0,0,1,0,
.OX.O.XXO:16,0,0,88,0,1,0,0,0,
O..XXOO.X:0,4,7,0,0,0,0,1,0,
.OXXO.OX.:1,0,0,0,0,1,0,0,1,
...OXXXOO:0,1,1,0,0,0,0,0,0,
OXX.O..OX:0,0,0,0,0,1,0,0,0,
X.OO.OX.X:0,1,0,0,1,0,0,0,0,
.O..XXXOO:1,0,1,1,0,0,0,0,0,
.XXOO..XO:1,0,0,0,0,1,1,0,0,
.XOX..OXO:1,0,0,0,1,1,0,0,0,
OXX..XOO.:0,0,0,1,1,0,0,0,1,
.OXOX.O.X:1,0,0,0,0,1,0,1,0,
X.OX.OOX.:0,1,0,0,1,0,0,0,1,
.XOX.OOX.:1,0,0,0,1,0,0,0,1,
XOOXO..X.:0,0,0,0,0,1,1,0,1,
.O.XXO.XO:1,0,1,0,0,0,1,0,0,
XO...OOXX:0,0,1,1,1,0,0,0,0,
OXX..XO.O:0,0,0,1,1,0,0,1,0,
